# 7.180E-01  1.490E-02  X, Z
#    17                 No. of Elements
#     1   9.133E-01     Atomic No., Normalised Abundance
#     2   8.557E-02
#     6   2.289E-04
#     7   6.764E-05
#     8   5.619E-04
#    10   1.060E-04
#    11   1.925E-06
#    12   3.429E-05
#    13   2.667E-06
#    14   3.200E-05
#    16   1.463E-05
#    18   2.992E-06
#    20   2.068E-06
#    24   4.215E-07
#    25   2.211E-07
#    26   2.919E-05
#    28   1.600E-06
#    t=log(T)  r=log(rho)    log(R)    G=log(ross)    dG/dt       dG/dr
   7.218E+00   2.004E+00  -1.652E+00   2.586E-02  -1.602E+00   3.021E-01
   7.218E+00   2.003E+00  -1.652E+00   2.588E-02  -1.602E+00   3.022E-01
   7.218E+00   2.003E+00  -1.652E+00   2.590E-02  -1.603E+00   3.022E-01
   7.218E+00   2.003E+00  -1.651E+00   2.592E-02  -1.603E+00   3.022E-01
   7.218E+00   2.003E+00  -1.651E+00   2.594E-02  -1.603E+00   3.022E-01
   7.218E+00   2.003E+00  -1.651E+00   2.597E-02  -1.603E+00   3.022E-01
   7.218E+00   2.003E+00  -1.651E+00   2.599E-02  -1.603E+00   3.022E-01
   7.218E+00   2.003E+00  -1.651E+00   2.602E-02  -1.603E+00   3.023E-01
   7.218E+00   2.003E+00  -1.651E+00   2.605E-02  -1.603E+00   3.023E-01
   7.218E+00   2.003E+00  -1.651E+00   2.608E-02  -1.603E+00   3.023E-01
   7.218E+00   2.003E+00  -1.651E+00   2.612E-02  -1.603E+00   3.023E-01
   7.218E+00   2.003E+00  -1.651E+00   2.616E-02  -1.603E+00   3.024E-01
   7.218E+00   2.003E+00  -1.651E+00   2.620E-02  -1.603E+00   3.024E-01
   7.218E+00   2.003E+00  -1.651E+00   2.624E-02  -1.603E+00   3.024E-01
   7.218E+00   2.003E+00  -1.651E+00   2.629E-02  -1.603E+00   3.025E-01
   7.218E+00   2.003E+00  -1.651E+00   2.634E-02  -1.603E+00   3.025E-01
   7.218E+00   2.003E+00  -1.651E+00   2.640E-02  -1.604E+00   3.025E-01
   7.218E+00   2.003E+00  -1.651E+00   2.646E-02  -1.604E+00   3.026E-01
   7.218E+00   2.003E+00  -1.651E+00   2.652E-02  -1.604E+00   3.026E-01
   7.218E+00   2.003E+00  -1.651E+00   2.659E-02  -1.604E+00   3.027E-01
   7.218E+00   2.002E+00  -1.651E+00   2.667E-02  -1.604E+00   3.027E-01
   7.218E+00   2.002E+00  -1.650E+00   2.675E-02  -1.604E+00   3.028E-01
   7.218E+00   2.002E+00  -1.650E+00   2.684E-02  -1.605E+00   3.028E-01
   7.217E+00   2.002E+00  -1.650E+00   2.693E-02  -1.605E+00   3.029E-01
   7.217E+00   2.002E+00  -1.650E+00   2.703E-02  -1.605E+00   3.030E-01
   7.217E+00   2.002E+00  -1.650E+00   2.715E-02  -1.605E+00   3.031E-01
   7.217E+00   2.002E+00  -1.650E+00   2.727E-02  -1.605E+00   3.032E-01
   7.217E+00   2.001E+00  -1.650E+00   2.740E-02  -1.606E+00   3.032E-01
   7.217E+00   2.001E+00  -1.649E+00   2.754E-02  -1.606E+00   3.033E-01
   7.217E+00   2.001E+00  -1.649E+00   2.769E-02  -1.606E+00   3.035E-01
   7.217E+00   2.001E+00  -1.649E+00   2.785E-02  -1.607E+00   3.036E-01
   7.216E+00   2.001E+00  -1.649E+00   2.803E-02  -1.607E+00   3.037E-01
   7.216E+00   2.000E+00  -1.649E+00   2.822E-02  -1.607E+00   3.038E-01
   7.216E+00   2.000E+00  -1.648E+00   2.843E-02  -1.608E+00   3.040E-01
   7.216E+00   2.000E+00  -1.648E+00   2.865E-02  -1.608E+00   3.041E-01
   7.216E+00   2.000E+00  -1.648E+00   2.889E-02  -1.609E+00   3.043E-01
   7.215E+00   1.999E+00  -1.647E+00   2.915E-02  -1.609E+00   3.045E-01
   7.215E+00   1.999E+00  -1.647E+00   2.943E-02  -1.610E+00   3.047E-01
   7.215E+00   1.998E+00  -1.647E+00   2.974E-02  -1.611E+00   3.049E-01
   7.215E+00   1.998E+00  -1.646E+00   3.006E-02  -1.611E+00   3.052E-01
   7.214E+00   1.997E+00  -1.646E+00   3.042E-02  -1.612E+00   3.054E-01
   7.214E+00   1.997E+00  -1.645E+00   3.080E-02  -1.613E+00   3.057E-01
   7.214E+00   1.996E+00  -1.645E+00   3.122E-02  -1.614E+00   3.060E-01
   7.213E+00   1.996E+00  -1.644E+00   3.167E-02  -1.615E+00   3.063E-01
   7.213E+00   1.995E+00  -1.643E+00   3.216E-02  -1.616E+00   3.067E-01
   7.212E+00   1.994E+00  -1.643E+00   3.268E-02  -1.617E+00   3.070E-01
   7.212E+00   1.994E+00  -1.642E+00   3.325E-02  -1.618E+00   3.075E-01
   7.211E+00   1.993E+00  -1.641E+00   3.387E-02  -1.620E+00   3.079E-01
   7.211E+00   1.992E+00  -1.640E+00   3.453E-02  -1.621E+00   3.084E-01
   7.210E+00   1.991E+00  -1.639E+00   3.525E-02  -1.623E+00   3.089E-01
   7.210E+00   1.990E+00  -1.638E+00   3.604E-02  -1.624E+00   3.095E-01
   7.209E+00   1.989E+00  -1.637E+00   3.688E-02  -1.626E+00   3.101E-01
   7.208E+00   1.988E+00  -1.636E+00   3.780E-02  -1.628E+00   3.107E-01
   7.207E+00   1.986E+00  -1.635E+00   3.879E-02  -1.630E+00   3.115E-01
   7.206E+00   1.985E+00  -1.634E+00   3.987E-02  -1.632E+00   3.122E-01
   7.205E+00   1.984E+00  -1.632E+00   4.103E-02  -1.635E+00   3.131E-01
   7.204E+00   1.982E+00  -1.630E+00   4.230E-02  -1.638E+00   3.140E-01
   7.203E+00   1.980E+00  -1.629E+00   4.367E-02  -1.641E+00   3.150E-01
   7.202E+00   1.978E+00  -1.627E+00   4.516E-02  -1.644E+00   3.161E-01
   7.200E+00   1.976E+00  -1.625E+00   4.677E-02  -1.647E+00   3.172E-01
   7.199E+00   1.974E+00  -1.622E+00   4.853E-02  -1.651E+00   3.185E-01
   7.197E+00   1.971E+00  -1.620E+00   5.044E-02  -1.656E+00   3.199E-01
   7.195E+00   1.969E+00  -1.617E+00   5.251E-02  -1.660E+00   3.214E-01
   7.193E+00   1.966E+00  -1.615E+00   5.477E-02  -1.665E+00   3.230E-01
   7.191E+00   1.963E+00  -1.611E+00   5.723E-02  -1.671E+00   3.248E-01
   7.189E+00   1.959E+00  -1.608E+00   5.991E-02  -1.677E+00   3.267E-01
   7.187E+00   1.955E+00  -1.604E+00   6.283E-02  -1.683E+00   3.288E-01
   7.184E+00   1.951E+00  -1.601E+00   6.600E-02  -1.690E+00   3.311E-01
   7.181E+00   1.947E+00  -1.596E+00   6.935E-02  -1.698E+00   3.335E-01
   7.178E+00   1.941E+00  -1.593E+00   7.271E-02  -1.705E+00   3.359E-01
   7.175E+00   1.931E+00  -1.593E+00   7.468E-02  -1.708E+00   3.375E-01
   7.172E+00   1.924E+00  -1.593E+00   7.678E-02  -1.711E+00   3.391E-01
   7.169E+00   1.917E+00  -1.591E+00   7.920E-02  -1.716E+00   3.409E-01
   7.167E+00   1.911E+00  -1.589E+00   8.182E-02  -1.721E+00   3.429E-01
   7.164E+00   1.905E+00  -1.587E+00   8.455E-02  -1.727E+00   3.448E-01
   7.161E+00   1.899E+00  -1.584E+00   8.734E-02  -1.732E+00   3.468E-01
   7.158E+00   1.893E+00  -1.582E+00   9.019E-02  -1.738E+00   3.488E-01
   7.155E+00   1.887E+00  -1.579E+00   9.308E-02  -1.744E+00   3.509E-01
   7.152E+00   1.880E+00  -1.577E+00   9.604E-02  -1.750E+00   3.529E-01
   7.149E+00   1.874E+00  -1.574E+00   9.904E-02  -1.757E+00   3.550E-01
   7.146E+00   1.867E+00  -1.572E+00   1.021E-01  -1.763E+00   3.571E-01
   7.143E+00   1.860E+00  -1.569E+00   1.053E-01  -1.769E+00   3.592E-01
   7.140E+00   1.853E+00  -1.566E+00   1.085E-01  -1.775E+00   3.613E-01
   7.137E+00   1.846E+00  -1.563E+00   1.118E-01  -1.782E+00   3.635E-01
   7.133E+00   1.839E+00  -1.560E+00   1.152E-01  -1.788E+00   3.657E-01
   7.130E+00   1.832E+00  -1.558E+00   1.186E-01  -1.795E+00   3.679E-01
   7.126E+00   1.824E+00  -1.555E+00   1.219E-01  -1.801E+00   3.700E-01
   7.123E+00   1.817E+00  -1.552E+00   1.252E-01  -1.807E+00   3.720E-01
   7.120E+00   1.809E+00  -1.550E+00   1.285E-01  -1.813E+00   3.741E-01
   7.116E+00   1.802E+00  -1.547E+00   1.318E-01  -1.819E+00   3.761E-01
   7.113E+00   1.795E+00  -1.544E+00   1.351E-01  -1.824E+00   3.780E-01
   7.110E+00   1.788E+00  -1.542E+00   1.383E-01  -1.830E+00   3.799E-01
   7.107E+00   1.780E+00  -1.539E+00   1.415E-01  -1.836E+00   3.818E-01
   7.103E+00   1.773E+00  -1.537E+00   1.446E-01  -1.841E+00   3.837E-01
   7.100E+00   1.766E+00  -1.534E+00   1.478E-01  -1.846E+00   3.855E-01
   7.097E+00   1.758E+00  -1.532E+00   1.509E-01  -1.852E+00   3.873E-01
   7.094E+00   1.751E+00  -1.530E+00   1.540E-01  -1.858E+00   3.891E-01
   7.090E+00   1.744E+00  -1.528E+00   1.570E-01  -1.864E+00   3.908E-01
   7.087E+00   1.737E+00  -1.525E+00   1.601E-01  -1.870E+00   3.926E-01
   7.084E+00   1.729E+00  -1.523E+00   1.631E-01  -1.877E+00   3.942E-01
   7.081E+00   1.722E+00  -1.521E+00   1.661E-01  -1.884E+00   3.959E-01
   7.078E+00   1.715E+00  -1.519E+00   1.690E-01  -1.891E+00   3.975E-01
   7.075E+00   1.708E+00  -1.517E+00   1.719E-01  -1.899E+00   3.990E-01
   7.072E+00   1.700E+00  -1.515E+00   1.749E-01  -1.906E+00   4.006E-01
   7.069E+00   1.693E+00  -1.513E+00   1.777E-01  -1.914E+00   4.020E-01
   7.066E+00   1.686E+00  -1.512E+00   1.806E-01  -1.922E+00   4.034E-01
   7.063E+00   1.679E+00  -1.510E+00   1.835E-01  -1.930E+00   4.048E-01
   7.060E+00   1.671E+00  -1.508E+00   1.863E-01  -1.938E+00   4.061E-01
   7.057E+00   1.664E+00  -1.507E+00   1.891E-01  -1.947E+00   4.074E-01
   7.054E+00   1.657E+00  -1.505E+00   1.919E-01  -1.955E+00   4.086E-01
   7.051E+00   1.649E+00  -1.504E+00   1.947E-01  -1.964E+00   4.097E-01
   7.048E+00   1.642E+00  -1.502E+00   1.974E-01  -1.972E+00   4.108E-01
   7.045E+00   1.635E+00  -1.501E+00   2.002E-01  -1.981E+00   4.118E-01
   7.042E+00   1.628E+00  -1.499E+00   2.029E-01  -1.989E+00   4.127E-01
   7.039E+00   1.620E+00  -1.498E+00   2.056E-01  -1.998E+00   4.135E-01
   7.037E+00   1.613E+00  -1.497E+00   2.083E-01  -2.006E+00   4.143E-01
   7.034E+00   1.606E+00  -1.495E+00   2.110E-01  -2.014E+00   4.151E-01
   7.031E+00   1.598E+00  -1.494E+00   2.137E-01  -2.023E+00   4.158E-01
   7.028E+00   1.591E+00  -1.493E+00   2.163E-01  -2.031E+00   4.164E-01
   7.025E+00   1.584E+00  -1.492E+00   2.189E-01  -2.040E+00   4.170E-01
   7.022E+00   1.576E+00  -1.491E+00   2.216E-01  -2.048E+00   4.175E-01
   7.020E+00   1.569E+00  -1.490E+00   2.242E-01  -2.056E+00   4.179E-01
   7.017E+00   1.561E+00  -1.489E+00   2.268E-01  -2.065E+00   4.183E-01
   7.014E+00   1.554E+00  -1.488E+00   2.293E-01  -2.073E+00   4.187E-01
   7.011E+00   1.547E+00  -1.488E+00   2.319E-01  -2.082E+00   4.190E-01
   7.009E+00   1.539E+00  -1.487E+00   2.345E-01  -2.091E+00   4.193E-01
   7.006E+00   1.532E+00  -1.486E+00   2.370E-01  -2.099E+00   4.195E-01
   7.003E+00   1.525E+00  -1.486E+00   2.395E-01  -2.108E+00   4.197E-01
   7.001E+00   1.517E+00  -1.485E+00   2.421E-01  -2.117E+00   4.199E-01
   6.998E+00   1.510E+00  -1.484E+00   2.446E-01  -2.125E+00   4.200E-01
   6.995E+00   1.502E+00  -1.484E+00   2.471E-01  -2.134E+00   4.201E-01
   6.993E+00   1.495E+00  -1.484E+00   2.496E-01  -2.143E+00   4.201E-01
   6.990E+00   1.487E+00  -1.483E+00   2.521E-01  -2.152E+00   4.201E-01
   6.988E+00   1.480E+00  -1.483E+00   2.546E-01  -2.161E+00   4.201E-01
   6.985E+00   1.472E+00  -1.482E+00   2.570E-01  -2.171E+00   4.200E-01
   6.982E+00   1.465E+00  -1.482E+00   2.595E-01  -2.180E+00   4.199E-01
   6.980E+00   1.457E+00  -1.482E+00   2.620E-01  -2.189E+00   4.198E-01
   6.977E+00   1.450E+00  -1.482E+00   2.644E-01  -2.199E+00   4.196E-01
   6.975E+00   1.442E+00  -1.482E+00   2.669E-01  -2.208E+00   4.194E-01
   6.972E+00   1.435E+00  -1.482E+00   2.694E-01  -2.218E+00   4.191E-01
   6.970E+00   1.427E+00  -1.482E+00   2.718E-01  -2.228E+00   4.188E-01
   6.967E+00   1.420E+00  -1.482E+00   2.743E-01  -2.237E+00   4.185E-01
   6.965E+00   1.412E+00  -1.482E+00   2.767E-01  -2.247E+00   4.181E-01
   6.962E+00   1.405E+00  -1.482E+00   2.792E-01  -2.257E+00   4.177E-01
   6.960E+00   1.397E+00  -1.482E+00   2.816E-01  -2.267E+00   4.173E-01
   6.957E+00   1.390E+00  -1.482E+00   2.841E-01  -2.277E+00   4.168E-01
   6.955E+00   1.382E+00  -1.482E+00   2.865E-01  -2.288E+00   4.163E-01
   6.952E+00   1.374E+00  -1.482E+00   2.890E-01  -2.298E+00   4.158E-01
   6.950E+00   1.367E+00  -1.483E+00   2.914E-01  -2.308E+00   4.152E-01
   6.947E+00   1.359E+00  -1.483E+00   2.939E-01  -2.319E+00   4.146E-01
   6.945E+00   1.352E+00  -1.483E+00   2.964E-01  -2.329E+00   4.140E-01
   6.943E+00   1.344E+00  -1.484E+00   2.988E-01  -2.339E+00   4.133E-01
   6.940E+00   1.336E+00  -1.484E+00   3.013E-01  -2.348E+00   4.126E-01
   6.938E+00   1.329E+00  -1.485E+00   3.038E-01  -2.358E+00   4.119E-01
   6.935E+00   1.321E+00  -1.485E+00   3.062E-01  -2.367E+00   4.111E-01
   6.933E+00   1.314E+00  -1.486E+00   3.087E-01  -2.377E+00   4.104E-01
   6.931E+00   1.306E+00  -1.486E+00   3.112E-01  -2.386E+00   4.096E-01
   6.928E+00   1.298E+00  -1.487E+00   3.137E-01  -2.395E+00   4.088E-01
   6.926E+00   1.291E+00  -1.488E+00   3.161E-01  -2.404E+00   4.080E-01
   6.924E+00   1.283E+00  -1.488E+00   3.186E-01  -2.413E+00   4.072E-01
   6.921E+00   1.275E+00  -1.489E+00   3.211E-01  -2.422E+00   4.064E-01
   6.919E+00   1.267E+00  -1.490E+00   3.236E-01  -2.430E+00   4.055E-01
   6.917E+00   1.260E+00  -1.491E+00   3.261E-01  -2.439E+00   4.047E-01
   6.914E+00   1.252E+00  -1.491E+00   3.286E-01  -2.447E+00   4.038E-01
   6.912E+00   1.244E+00  -1.492E+00   3.311E-01  -2.456E+00   4.030E-01
   6.910E+00   1.237E+00  -1.493E+00   3.336E-01  -2.464E+00   4.021E-01
   6.908E+00   1.229E+00  -1.494E+00   3.361E-01  -2.472E+00   4.013E-01
   6.905E+00   1.221E+00  -1.495E+00   3.386E-01  -2.480E+00   4.004E-01
   6.903E+00   1.213E+00  -1.496E+00   3.411E-01  -2.488E+00   3.996E-01
   6.901E+00   1.206E+00  -1.497E+00   3.436E-01  -2.496E+00   3.987E-01
   6.899E+00   1.198E+00  -1.498E+00   3.461E-01  -2.504E+00   3.979E-01
   6.896E+00   1.190E+00  -1.499E+00   3.486E-01  -2.512E+00   3.970E-01
   6.894E+00   1.182E+00  -1.500E+00   3.511E-01  -2.520E+00   3.962E-01
   6.892E+00   1.174E+00  -1.501E+00   3.536E-01  -2.528E+00   3.954E-01
   6.890E+00   1.167E+00  -1.503E+00   3.562E-01  -2.536E+00   3.946E-01
   6.888E+00   1.159E+00  -1.504E+00   3.587E-01  -2.544E+00   3.938E-01
   6.885E+00   1.151E+00  -1.505E+00   3.612E-01  -2.552E+00   3.929E-01
   6.883E+00   1.143E+00  -1.506E+00   3.637E-01  -2.560E+00   3.921E-01
   6.881E+00   1.135E+00  -1.507E+00   3.663E-01  -2.568E+00   3.913E-01
   6.879E+00   1.128E+00  -1.509E+00   3.688E-01  -2.576E+00   3.905E-01
   6.877E+00   1.120E+00  -1.510E+00   3.714E-01  -2.583E+00   3.897E-01
   6.874E+00   1.112E+00  -1.511E+00   3.739E-01  -2.591E+00   3.889E-01
   6.872E+00   1.104E+00  -1.513E+00   3.765E-01  -2.599E+00   3.881E-01
   6.870E+00   1.096E+00  -1.514E+00   3.790E-01  -2.607E+00   3.874E-01
   6.868E+00   1.088E+00  -1.516E+00   3.816E-01  -2.615E+00   3.866E-01
   6.866E+00   1.080E+00  -1.517E+00   3.842E-01  -2.622E+00   3.858E-01
   6.864E+00   1.073E+00  -1.518E+00   3.868E-01  -2.630E+00   3.850E-01
   6.862E+00   1.065E+00  -1.520E+00   3.894E-01  -2.638E+00   3.843E-01
   6.859E+00   1.057E+00  -1.521E+00   3.920E-01  -2.646E+00   3.835E-01
   6.857E+00   1.049E+00  -1.523E+00   3.945E-01  -2.653E+00   3.827E-01
   6.855E+00   1.041E+00  -1.525E+00   3.972E-01  -2.661E+00   3.820E-01
   6.853E+00   1.033E+00  -1.526E+00   3.998E-01  -2.669E+00   3.812E-01
   6.851E+00   1.025E+00  -1.528E+00   4.024E-01  -2.676E+00   3.804E-01
   6.849E+00   1.017E+00  -1.529E+00   4.050E-01  -2.684E+00   3.797E-01
   6.847E+00   1.009E+00  -1.531E+00   4.076E-01  -2.692E+00   3.789E-01
   6.845E+00   1.002E+00  -1.533E+00   4.103E-01  -2.699E+00   3.782E-01
   6.843E+00   9.936E-01  -1.534E+00   4.129E-01  -2.707E+00   3.775E-01
   6.841E+00   9.857E-01  -1.536E+00   4.156E-01  -2.714E+00   3.767E-01
   6.838E+00   9.777E-01  -1.538E+00   4.182E-01  -2.722E+00   3.760E-01
   6.836E+00   9.698E-01  -1.539E+00   4.209E-01  -2.729E+00   3.753E-01
   6.834E+00   9.619E-01  -1.541E+00   4.236E-01  -2.737E+00   3.745E-01
   6.832E+00   9.539E-01  -1.543E+00   4.263E-01  -2.744E+00   3.738E-01
   6.830E+00   9.460E-01  -1.545E+00   4.289E-01  -2.751E+00   3.731E-01
   6.828E+00   9.380E-01  -1.546E+00   4.316E-01  -2.759E+00   3.724E-01
   6.826E+00   9.301E-01  -1.548E+00   4.343E-01  -2.766E+00   3.717E-01
   6.824E+00   9.221E-01  -1.550E+00   4.371E-01  -2.773E+00   3.710E-01
   6.822E+00   9.141E-01  -1.552E+00   4.398E-01  -2.780E+00   3.703E-01
   6.820E+00   9.062E-01  -1.554E+00   4.425E-01  -2.788E+00   3.696E-01
   6.818E+00   8.982E-01  -1.556E+00   4.452E-01  -2.795E+00   3.689E-01
   6.816E+00   8.902E-01  -1.557E+00   4.480E-01  -2.802E+00   3.682E-01
   6.814E+00   8.822E-01  -1.559E+00   4.507E-01  -2.809E+00   3.676E-01
   6.812E+00   8.743E-01  -1.561E+00   4.535E-01  -2.816E+00   3.669E-01
   6.810E+00   8.663E-01  -1.563E+00   4.563E-01  -2.823E+00   3.662E-01
   6.808E+00   8.583E-01  -1.565E+00   4.590E-01  -2.830E+00   3.656E-01
   6.806E+00   8.503E-01  -1.567E+00   4.618E-01  -2.837E+00   3.649E-01
   6.804E+00   8.423E-01  -1.569E+00   4.646E-01  -2.844E+00   3.643E-01
   6.802E+00   8.343E-01  -1.571E+00   4.674E-01  -2.851E+00   3.637E-01
   6.800E+00   8.263E-01  -1.573E+00   4.702E-01  -2.858E+00   3.631E-01
   6.798E+00   8.183E-01  -1.575E+00   4.730E-01  -2.865E+00   3.625E-01
   6.796E+00   8.103E-01  -1.577E+00   4.758E-01  -2.872E+00   3.619E-01
   6.794E+00   8.022E-01  -1.579E+00   4.787E-01  -2.878E+00   3.613E-01
   6.792E+00   7.942E-01  -1.581E+00   4.815E-01  -2.885E+00   3.608E-01
   6.790E+00   7.862E-01  -1.583E+00   4.843E-01  -2.892E+00   3.602E-01
   6.788E+00   7.782E-01  -1.585E+00   4.872E-01  -2.898E+00   3.597E-01
   6.786E+00   7.702E-01  -1.587E+00   4.901E-01  -2.905E+00   3.592E-01
   6.784E+00   7.621E-01  -1.589E+00   4.929E-01  -2.911E+00   3.587E-01
   6.782E+00   7.541E-01  -1.592E+00   4.958E-01  -2.917E+00   3.582E-01
   6.780E+00   7.461E-01  -1.594E+00   4.987E-01  -2.923E+00   3.577E-01
   6.778E+00   7.380E-01  -1.596E+00   5.016E-01  -2.930E+00   3.573E-01
   6.776E+00   7.300E-01  -1.598E+00   5.045E-01  -2.936E+00   3.569E-01
   6.774E+00   7.219E-01  -1.600E+00   5.074E-01  -2.942E+00   3.564E-01
   6.772E+00   7.139E-01  -1.602E+00   5.103E-01  -2.947E+00   3.560E-01
   6.770E+00   7.058E-01  -1.604E+00   5.132E-01  -2.953E+00   3.557E-01
   6.768E+00   6.978E-01  -1.607E+00   5.161E-01  -2.959E+00   3.553E-01
   6.766E+00   6.897E-01  -1.609E+00   5.191E-01  -2.965E+00   3.550E-01
   6.764E+00   6.817E-01  -1.611E+00   5.220E-01  -2.970E+00   3.547E-01
   6.762E+00   6.736E-01  -1.613E+00   5.249E-01  -2.976E+00   3.544E-01
   6.760E+00   6.656E-01  -1.615E+00   5.279E-01  -2.982E+00   3.541E-01
   6.758E+00   6.575E-01  -1.618E+00   5.308E-01  -2.987E+00   3.539E-01
   6.756E+00   6.494E-01  -1.620E+00   5.338E-01  -2.992E+00   3.536E-01
   6.755E+00   6.414E-01  -1.622E+00   5.368E-01  -2.998E+00   3.534E-01
   6.753E+00   6.333E-01  -1.624E+00   5.397E-01  -3.003E+00   3.532E-01
   6.751E+00   6.252E-01  -1.627E+00   5.427E-01  -3.008E+00   3.530E-01
   6.749E+00   6.171E-01  -1.629E+00   5.457E-01  -3.013E+00   3.529E-01
   6.747E+00   6.091E-01  -1.631E+00   5.487E-01  -3.018E+00   3.527E-01
   6.745E+00   6.010E-01  -1.633E+00   5.517E-01  -3.023E+00   3.526E-01
   6.743E+00   5.929E-01  -1.636E+00   5.546E-01  -3.028E+00   3.525E-01
   6.741E+00   5.848E-01  -1.638E+00   5.576E-01  -3.033E+00   3.525E-01
   6.739E+00   5.767E-01  -1.640E+00   5.606E-01  -3.038E+00   3.524E-01
   6.737E+00   5.687E-01  -1.643E+00   5.637E-01  -3.043E+00   3.524E-01
   6.735E+00   5.606E-01  -1.645E+00   5.667E-01  -3.047E+00   3.523E-01
   6.733E+00   5.525E-01  -1.647E+00   5.697E-01  -3.052E+00   3.523E-01
   6.731E+00   5.444E-01  -1.650E+00   5.727E-01  -3.056E+00   3.523E-01
   6.729E+00   5.363E-01  -1.652E+00   5.757E-01  -3.061E+00   3.524E-01
   6.728E+00   5.282E-01  -1.654E+00   5.787E-01  -3.065E+00   3.524E-01
   6.726E+00   5.201E-01  -1.657E+00   5.818E-01  -3.069E+00   3.525E-01
   6.724E+00   5.120E-01  -1.659E+00   5.848E-01  -3.073E+00   3.526E-01
   6.722E+00   5.039E-01  -1.661E+00   5.878E-01  -3.077E+00   3.527E-01
   6.720E+00   4.958E-01  -1.664E+00   5.909E-01  -3.082E+00   3.528E-01
   6.718E+00   4.877E-01  -1.666E+00   5.939E-01  -3.085E+00   3.529E-01
   6.716E+00   4.796E-01  -1.668E+00   5.969E-01  -3.089E+00   3.530E-01
   6.714E+00   4.715E-01  -1.671E+00   6.000E-01  -3.093E+00   3.532E-01
   6.712E+00   4.634E-01  -1.673E+00   6.030E-01  -3.097E+00   3.534E-01
   6.710E+00   4.553E-01  -1.676E+00   6.061E-01  -3.101E+00   3.535E-01
   6.708E+00   4.472E-01  -1.678E+00   6.091E-01  -3.104E+00   3.537E-01
   6.706E+00   4.391E-01  -1.680E+00   6.122E-01  -3.108E+00   3.540E-01
   6.705E+00   4.310E-01  -1.683E+00   6.152E-01  -3.111E+00   3.542E-01
   6.703E+00   4.229E-01  -1.685E+00   6.183E-01  -3.114E+00   3.544E-01
   6.701E+00   4.148E-01  -1.688E+00   6.213E-01  -3.118E+00   3.547E-01
   6.699E+00   4.067E-01  -1.690E+00   6.244E-01  -3.121E+00   3.549E-01
   6.697E+00   3.986E-01  -1.692E+00   6.275E-01  -3.124E+00   3.552E-01
   6.695E+00   3.905E-01  -1.695E+00   6.305E-01  -3.127E+00   3.555E-01
   6.693E+00   3.823E-01  -1.697E+00   6.336E-01  -3.131E+00   3.558E-01
   6.691E+00   3.742E-01  -1.700E+00   6.366E-01  -3.134E+00   3.561E-01
   6.689E+00   3.661E-01  -1.702E+00   6.397E-01  -3.137E+00   3.564E-01
   6.687E+00   3.580E-01  -1.704E+00   6.428E-01  -3.141E+00   3.567E-01
   6.686E+00   3.499E-01  -1.707E+00   6.458E-01  -3.144E+00   3.571E-01
   6.684E+00   3.418E-01  -1.709E+00   6.489E-01  -3.147E+00   3.575E-01
   6.682E+00   3.336E-01  -1.712E+00   6.520E-01  -3.151E+00   3.578E-01
   6.680E+00   3.255E-01  -1.714E+00   6.550E-01  -3.154E+00   3.582E-01
   6.678E+00   3.174E-01  -1.717E+00   6.581E-01  -3.157E+00   3.586E-01
   6.676E+00   3.093E-01  -1.719E+00   6.612E-01  -3.161E+00   3.590E-01
   6.674E+00   3.012E-01  -1.721E+00   6.643E-01  -3.164E+00   3.594E-01
   6.672E+00   2.931E-01  -1.724E+00   6.673E-01  -3.168E+00   3.599E-01
   6.670E+00   2.849E-01  -1.726E+00   6.704E-01  -3.171E+00   3.603E-01
   6.669E+00   2.768E-01  -1.729E+00   6.735E-01  -3.175E+00   3.608E-01
   6.667E+00   2.687E-01  -1.731E+00   6.766E-01  -3.178E+00   3.613E-01
   6.665E+00   2.606E-01  -1.734E+00   6.797E-01  -3.182E+00   3.618E-01
   6.663E+00   2.524E-01  -1.736E+00   6.827E-01  -3.185E+00   3.623E-01
   6.661E+00   2.443E-01  -1.739E+00   6.858E-01  -3.188E+00   3.628E-01
   6.659E+00   2.362E-01  -1.741E+00   6.889E-01  -3.192E+00   3.633E-01
   6.657E+00   2.281E-01  -1.743E+00   6.920E-01  -3.195E+00   3.639E-01
   6.655E+00   2.200E-01  -1.746E+00   6.951E-01  -3.199E+00   3.644E-01
   6.653E+00   2.118E-01  -1.748E+00   6.982E-01  -3.203E+00   3.650E-01
   6.651E+00   2.037E-01  -1.751E+00   7.013E-01  -3.206E+00   3.656E-01
   6.650E+00   1.956E-01  -1.753E+00   7.044E-01  -3.210E+00   3.662E-01
   6.648E+00   1.875E-01  -1.756E+00   7.075E-01  -3.213E+00   3.668E-01
   6.646E+00   1.793E-01  -1.758E+00   7.106E-01  -3.217E+00   3.675E-01
   6.644E+00   1.712E-01  -1.761E+00   7.137E-01  -3.220E+00   3.682E-01
   6.642E+00   1.631E-01  -1.763E+00   7.168E-01  -3.224E+00   3.688E-01
   6.640E+00   1.550E-01  -1.765E+00   7.199E-01  -3.227E+00   3.695E-01
   6.638E+00   1.469E-01  -1.768E+00   7.230E-01  -3.231E+00   3.702E-01
   6.636E+00   1.387E-01  -1.770E+00   7.261E-01  -3.234E+00   3.710E-01
   6.634E+00   1.306E-01  -1.773E+00   7.292E-01  -3.238E+00   3.717E-01
   6.633E+00   1.225E-01  -1.775E+00   7.324E-01  -3.241E+00   3.725E-01
   6.631E+00   1.144E-01  -1.778E+00   7.355E-01  -3.244E+00   3.732E-01
   6.629E+00   1.063E-01  -1.780E+00   7.386E-01  -3.248E+00   3.740E-01
   6.627E+00   9.814E-02  -1.782E+00   7.417E-01  -3.251E+00   3.748E-01
   6.625E+00   9.002E-02  -1.785E+00   7.448E-01  -3.255E+00   3.757E-01
   6.623E+00   8.190E-02  -1.787E+00   7.480E-01  -3.258E+00   3.765E-01
   6.621E+00   7.378E-02  -1.790E+00   7.511E-01  -3.261E+00   3.774E-01
   6.619E+00   6.567E-02  -1.792E+00   7.542E-01  -3.265E+00   3.782E-01
   6.617E+00   5.755E-02  -1.795E+00   7.573E-01  -3.268E+00   3.791E-01
   6.615E+00   4.943E-02  -1.797E+00   7.605E-01  -3.272E+00   3.800E-01
   6.614E+00   4.132E-02  -1.799E+00   7.636E-01  -3.275E+00   3.809E-01
   6.612E+00   3.320E-02  -1.802E+00   7.667E-01  -3.278E+00   3.819E-01
   6.610E+00   2.509E-02  -1.804E+00   7.699E-01  -3.282E+00   3.828E-01
   6.608E+00   1.698E-02  -1.807E+00   7.730E-01  -3.285E+00   3.838E-01
   6.606E+00   8.866E-03  -1.809E+00   7.762E-01  -3.288E+00   3.848E-01
   6.604E+00   7.547E-04  -1.811E+00   7.793E-01  -3.291E+00   3.858E-01
   6.602E+00  -7.355E-03  -1.814E+00   7.824E-01  -3.295E+00   3.868E-01
   6.600E+00  -1.546E-02  -1.816E+00   7.856E-01  -3.298E+00   3.878E-01
   6.598E+00  -2.357E-02  -1.819E+00   7.887E-01  -3.301E+00   3.889E-01
   6.596E+00  -3.168E-02  -1.821E+00   7.919E-01  -3.304E+00   3.900E-01
   6.595E+00  -3.978E-02  -1.823E+00   7.950E-01  -3.307E+00   3.910E-01
   6.593E+00  -4.789E-02  -1.826E+00   7.982E-01  -3.310E+00   3.921E-01
   6.591E+00  -5.599E-02  -1.828E+00   8.013E-01  -3.313E+00   3.933E-01
   6.589E+00  -6.409E-02  -1.830E+00   8.045E-01  -3.315E+00   3.944E-01
   6.587E+00  -7.219E-02  -1.833E+00   8.077E-01  -3.318E+00   3.955E-01
   6.585E+00  -8.029E-02  -1.835E+00   8.108E-01  -3.320E+00   3.967E-01
   6.583E+00  -8.839E-02  -1.837E+00   8.140E-01  -3.322E+00   3.979E-01
   6.581E+00  -9.649E-02  -1.840E+00   8.171E-01  -3.324E+00   3.990E-01
   6.579E+00  -1.046E-01  -1.842E+00   8.203E-01  -3.326E+00   4.002E-01
   6.577E+00  -1.127E-01  -1.844E+00   8.234E-01  -3.328E+00   4.015E-01
   6.575E+00  -1.208E-01  -1.847E+00   8.266E-01  -3.330E+00   4.027E-01
   6.573E+00  -1.289E-01  -1.849E+00   8.298E-01  -3.331E+00   4.039E-01
   6.571E+00  -1.369E-01  -1.851E+00   8.329E-01  -3.332E+00   4.052E-01
   6.570E+00  -1.450E-01  -1.854E+00   8.361E-01  -3.334E+00   4.064E-01
   6.568E+00  -1.531E-01  -1.856E+00   8.392E-01  -3.335E+00   4.077E-01
   6.566E+00  -1.612E-01  -1.858E+00   8.424E-01  -3.336E+00   4.090E-01
   6.564E+00  -1.693E-01  -1.861E+00   8.455E-01  -3.337E+00   4.103E-01
   6.562E+00  -1.774E-01  -1.863E+00   8.487E-01  -3.337E+00   4.116E-01
   6.560E+00  -1.854E-01  -1.865E+00   8.518E-01  -3.338E+00   4.129E-01
   6.558E+00  -1.935E-01  -1.867E+00   8.550E-01  -3.338E+00   4.143E-01
   6.556E+00  -2.016E-01  -1.870E+00   8.581E-01  -3.339E+00   4.156E-01
   6.554E+00  -2.096E-01  -1.872E+00   8.613E-01  -3.339E+00   4.170E-01
   6.552E+00  -2.177E-01  -1.874E+00   8.644E-01  -3.339E+00   4.183E-01
   6.550E+00  -2.258E-01  -1.876E+00   8.675E-01  -3.339E+00   4.197E-01
   6.548E+00  -2.338E-01  -1.878E+00   8.707E-01  -3.339E+00   4.211E-01
   6.546E+00  -2.419E-01  -1.881E+00   8.738E-01  -3.338E+00   4.225E-01
   6.544E+00  -2.500E-01  -1.883E+00   8.769E-01  -3.338E+00   4.239E-01
   6.542E+00  -2.580E-01  -1.885E+00   8.800E-01  -3.337E+00   4.253E-01
   6.540E+00  -2.661E-01  -1.887E+00   8.832E-01  -3.336E+00   4.267E-01
   6.538E+00  -2.741E-01  -1.889E+00   8.863E-01  -3.335E+00   4.282E-01
   6.536E+00  -2.822E-01  -1.891E+00   8.894E-01  -3.334E+00   4.296E-01
   6.534E+00  -2.902E-01  -1.894E+00   8.925E-01  -3.332E+00   4.311E-01
   6.532E+00  -2.983E-01  -1.896E+00   8.956E-01  -3.331E+00   4.326E-01
   6.530E+00  -3.063E-01  -1.898E+00   8.987E-01  -3.329E+00   4.341E-01
   6.529E+00  -3.143E-01  -1.900E+00   9.018E-01  -3.327E+00   4.356E-01
   6.527E+00  -3.224E-01  -1.902E+00   9.049E-01  -3.325E+00   4.371E-01
   6.525E+00  -3.304E-01  -1.904E+00   9.079E-01  -3.323E+00   4.387E-01
   6.523E+00  -3.384E-01  -1.906E+00   9.110E-01  -3.320E+00   4.403E-01
   6.521E+00  -3.465E-01  -1.908E+00   9.141E-01  -3.318E+00   4.418E-01
   6.519E+00  -3.545E-01  -1.910E+00   9.171E-01  -3.315E+00   4.434E-01
   6.517E+00  -3.625E-01  -1.912E+00   9.202E-01  -3.312E+00   4.451E-01
   6.515E+00  -3.705E-01  -1.914E+00   9.232E-01  -3.309E+00   4.467E-01
   6.513E+00  -3.785E-01  -1.916E+00   9.263E-01  -3.306E+00   4.484E-01
   6.511E+00  -3.866E-01  -1.918E+00   9.293E-01  -3.302E+00   4.501E-01
   6.509E+00  -3.946E-01  -1.920E+00   9.323E-01  -3.299E+00   4.518E-01
   6.507E+00  -4.026E-01  -1.922E+00   9.353E-01  -3.295E+00   4.535E-01
   6.505E+00  -4.106E-01  -1.924E+00   9.383E-01  -3.291E+00   4.553E-01
   6.503E+00  -4.186E-01  -1.926E+00   9.413E-01  -3.287E+00   4.571E-01
   6.500E+00  -4.266E-01  -1.928E+00   9.443E-01  -3.283E+00   4.589E-01
   6.498E+00  -4.346E-01  -1.930E+00   9.473E-01  -3.278E+00   4.608E-01
   6.496E+00  -4.425E-01  -1.932E+00   9.502E-01  -3.274E+00   4.627E-01
   6.494E+00  -4.505E-01  -1.934E+00   9.532E-01  -3.269E+00   4.646E-01
   6.492E+00  -4.585E-01  -1.936E+00   9.561E-01  -3.264E+00   4.666E-01
   6.490E+00  -4.665E-01  -1.937E+00   9.590E-01  -3.258E+00   4.686E-01
   6.488E+00  -4.745E-01  -1.939E+00   9.619E-01  -3.253E+00   4.706E-01
   6.486E+00  -4.824E-01  -1.941E+00   9.648E-01  -3.247E+00   4.726E-01
   6.484E+00  -4.904E-01  -1.943E+00   9.677E-01  -3.241E+00   4.747E-01
   6.482E+00  -4.984E-01  -1.945E+00   9.705E-01  -3.235E+00   4.768E-01
   6.480E+00  -5.063E-01  -1.947E+00   9.734E-01  -3.228E+00   4.790E-01
   6.478E+00  -5.143E-01  -1.948E+00   9.762E-01  -3.222E+00   4.812E-01
   6.476E+00  -5.223E-01  -1.950E+00   9.790E-01  -3.215E+00   4.834E-01
   6.474E+00  -5.302E-01  -1.952E+00   9.818E-01  -3.207E+00   4.857E-01
   6.472E+00  -5.382E-01  -1.954E+00   9.845E-01  -3.200E+00   4.880E-01
   6.470E+00  -5.461E-01  -1.955E+00   9.873E-01  -3.192E+00   4.903E-01
   6.468E+00  -5.540E-01  -1.957E+00   9.900E-01  -3.185E+00   4.927E-01
   6.466E+00  -5.620E-01  -1.959E+00   9.927E-01  -3.177E+00   4.951E-01
   6.464E+00  -5.699E-01  -1.960E+00   9.954E-01  -3.168E+00   4.976E-01
   6.461E+00  -5.778E-01  -1.962E+00   9.980E-01  -3.160E+00   5.001E-01
   6.459E+00  -5.858E-01  -1.964E+00   1.001E+00  -3.151E+00   5.026E-01
   6.457E+00  -5.937E-01  -1.965E+00   1.003E+00  -3.142E+00   5.052E-01
   6.455E+00  -6.016E-01  -1.967E+00   1.006E+00  -3.133E+00   5.078E-01
   6.453E+00  -6.095E-01  -1.969E+00   1.008E+00  -3.123E+00   5.104E-01
   6.451E+00  -6.174E-01  -1.970E+00   1.011E+00  -3.114E+00   5.131E-01
   6.449E+00  -6.253E-01  -1.972E+00   1.013E+00  -3.104E+00   5.158E-01
   6.447E+00  -6.332E-01  -1.973E+00   1.016E+00  -3.094E+00   5.185E-01
   6.445E+00  -6.411E-01  -1.975E+00   1.018E+00  -3.084E+00   5.213E-01
   6.442E+00  -6.490E-01  -1.976E+00   1.021E+00  -3.074E+00   5.241E-01
   6.440E+00  -6.569E-01  -1.978E+00   1.023E+00  -3.064E+00   5.270E-01
   6.438E+00  -6.648E-01  -1.979E+00   1.025E+00  -3.054E+00   5.299E-01
   6.436E+00  -6.727E-01  -1.981E+00   1.028E+00  -3.044E+00   5.328E-01
   6.434E+00  -6.806E-01  -1.982E+00   1.030E+00  -3.034E+00   5.358E-01
   6.432E+00  -6.885E-01  -1.984E+00   1.032E+00  -3.024E+00   5.388E-01
   6.430E+00  -6.963E-01  -1.985E+00   1.035E+00  -3.014E+00   5.419E-01
   6.427E+00  -7.042E-01  -1.987E+00   1.037E+00  -3.004E+00   5.450E-01
   6.425E+00  -7.121E-01  -1.988E+00   1.039E+00  -2.994E+00   5.481E-01
   6.423E+00  -7.199E-01  -1.989E+00   1.041E+00  -2.984E+00   5.513E-01
   6.421E+00  -7.278E-01  -1.991E+00   1.043E+00  -2.974E+00   5.545E-01
   6.419E+00  -7.356E-01  -1.992E+00   1.045E+00  -2.964E+00   5.577E-01
   6.417E+00  -7.435E-01  -1.993E+00   1.047E+00  -2.954E+00   5.610E-01
   6.414E+00  -7.513E-01  -1.995E+00   1.049E+00  -2.944E+00   5.643E-01
   6.412E+00  -7.592E-01  -1.996E+00   1.051E+00  -2.934E+00   5.677E-01
   6.410E+00  -7.670E-01  -1.997E+00   1.053E+00  -2.924E+00   5.711E-01
   6.408E+00  -7.748E-01  -1.999E+00   1.055E+00  -2.914E+00   5.746E-01
   6.406E+00  -7.826E-01  -2.000E+00   1.057E+00  -2.904E+00   5.781E-01
   6.404E+00  -7.905E-01  -2.001E+00   1.059E+00  -2.894E+00   5.816E-01
   6.401E+00  -7.983E-01  -2.002E+00   1.061E+00  -2.884E+00   5.851E-01
   6.399E+00  -8.061E-01  -2.004E+00   1.062E+00  -2.874E+00   5.887E-01
   6.397E+00  -8.139E-01  -2.005E+00   1.064E+00  -2.865E+00   5.924E-01
   6.395E+00  -8.217E-01  -2.006E+00   1.066E+00  -2.856E+00   5.960E-01
   6.392E+00  -8.295E-01  -2.007E+00   1.067E+00  -2.847E+00   5.997E-01
   6.390E+00  -8.373E-01  -2.008E+00   1.069E+00  -2.839E+00   6.034E-01
   6.388E+00  -8.451E-01  -2.009E+00   1.071E+00  -2.831E+00   6.072E-01
   6.386E+00  -8.529E-01  -2.010E+00   1.072E+00  -2.824E+00   6.109E-01
   6.384E+00  -8.607E-01  -2.012E+00   1.074E+00  -2.817E+00   6.147E-01
   6.381E+00  -8.685E-01  -2.013E+00   1.075E+00  -2.810E+00   6.185E-01
   6.379E+00  -8.763E-01  -2.014E+00   1.077E+00  -2.804E+00   6.223E-01
   6.377E+00  -8.841E-01  -2.015E+00   1.078E+00  -2.799E+00   6.261E-01
   6.375E+00  -8.919E-01  -2.016E+00   1.079E+00  -2.794E+00   6.298E-01
   6.372E+00  -8.996E-01  -2.017E+00   1.081E+00  -2.789E+00   6.336E-01
   6.370E+00  -9.074E-01  -2.018E+00   1.082E+00  -2.785E+00   6.374E-01
   6.368E+00  -9.152E-01  -2.019E+00   1.083E+00  -2.781E+00   6.412E-01
   6.366E+00  -9.230E-01  -2.020E+00   1.085E+00  -2.778E+00   6.449E-01
   6.363E+00  -9.307E-01  -2.021E+00   1.086E+00  -2.775E+00   6.487E-01
   6.361E+00  -9.385E-01  -2.022E+00   1.087E+00  -2.773E+00   6.524E-01
   6.359E+00  -9.463E-01  -2.023E+00   1.088E+00  -2.771E+00   6.561E-01
   6.357E+00  -9.540E-01  -2.024E+00   1.089E+00  -2.769E+00   6.598E-01
   6.354E+00  -9.618E-01  -2.025E+00   1.090E+00  -2.768E+00   6.635E-01
   6.352E+00  -9.695E-01  -2.026E+00   1.092E+00  -2.767E+00   6.671E-01
   6.350E+00  -9.773E-01  -2.027E+00   1.093E+00  -2.767E+00   6.707E-01
   6.348E+00  -9.850E-01  -2.028E+00   1.094E+00  -2.766E+00   6.742E-01
   6.345E+00  -9.928E-01  -2.029E+00   1.095E+00  -2.766E+00   6.778E-01
   6.343E+00  -1.001E+00  -2.030E+00   1.096E+00  -2.766E+00   6.813E-01
   6.341E+00  -1.008E+00  -2.031E+00   1.097E+00  -2.766E+00   6.847E-01
   6.338E+00  -1.016E+00  -2.031E+00   1.098E+00  -2.767E+00   6.881E-01
   6.336E+00  -1.024E+00  -2.032E+00   1.099E+00  -2.767E+00   6.915E-01
   6.334E+00  -1.031E+00  -2.033E+00   1.100E+00  -2.768E+00   6.948E-01
   6.332E+00  -1.039E+00  -2.034E+00   1.101E+00  -2.768E+00   6.981E-01
   6.329E+00  -1.047E+00  -2.035E+00   1.102E+00  -2.769E+00   7.013E-01
   6.327E+00  -1.055E+00  -2.036E+00   1.102E+00  -2.769E+00   7.045E-01
   6.325E+00  -1.062E+00  -2.037E+00   1.103E+00  -2.770E+00   7.076E-01
   6.322E+00  -1.070E+00  -2.038E+00   1.104E+00  -2.771E+00   7.107E-01
   6.320E+00  -1.078E+00  -2.038E+00   1.105E+00  -2.772E+00   7.137E-01
   6.318E+00  -1.086E+00  -2.039E+00   1.106E+00  -2.773E+00   7.166E-01
   6.316E+00  -1.093E+00  -2.040E+00   1.107E+00  -2.774E+00   7.195E-01
   6.313E+00  -1.101E+00  -2.041E+00   1.108E+00  -2.776E+00   7.224E-01
   6.311E+00  -1.109E+00  -2.042E+00   1.108E+00  -2.777E+00   7.252E-01
   6.309E+00  -1.116E+00  -2.043E+00   1.109E+00  -2.778E+00   7.279E-01
   6.306E+00  -1.124E+00  -2.043E+00   1.110E+00  -2.780E+00   7.306E-01
   6.304E+00  -1.132E+00  -2.044E+00   1.111E+00  -2.781E+00   7.332E-01
   6.302E+00  -1.140E+00  -2.045E+00   1.111E+00  -2.782E+00   7.357E-01
   6.299E+00  -1.147E+00  -2.046E+00   1.112E+00  -2.784E+00   7.382E-01
   6.297E+00  -1.155E+00  -2.046E+00   1.113E+00  -2.786E+00   7.405E-01
   6.295E+00  -1.163E+00  -2.047E+00   1.114E+00  -2.787E+00   7.429E-01
   6.293E+00  -1.170E+00  -2.048E+00   1.114E+00  -2.789E+00   7.451E-01
   6.290E+00  -1.178E+00  -2.049E+00   1.115E+00  -2.791E+00   7.473E-01
   6.288E+00  -1.186E+00  -2.050E+00   1.116E+00  -2.793E+00   7.495E-01
   6.286E+00  -1.194E+00  -2.050E+00   1.116E+00  -2.796E+00   7.515E-01
   6.283E+00  -1.201E+00  -2.051E+00   1.117E+00  -2.798E+00   7.535E-01
   6.281E+00  -1.209E+00  -2.052E+00   1.118E+00  -2.801E+00   7.555E-01
   6.279E+00  -1.217E+00  -2.053E+00   1.118E+00  -2.803E+00   7.574E-01
   6.276E+00  -1.224E+00  -2.053E+00   1.119E+00  -2.806E+00   7.593E-01
   6.274E+00  -1.232E+00  -2.054E+00   1.120E+00  -2.809E+00   7.611E-01
   6.272E+00  -1.240E+00  -2.055E+00   1.120E+00  -2.812E+00   7.629E-01
   6.269E+00  -1.248E+00  -2.056E+00   1.121E+00  -2.816E+00   7.646E-01
   6.267E+00  -1.255E+00  -2.056E+00   1.122E+00  -2.819E+00   7.663E-01
   6.265E+00  -1.263E+00  -2.057E+00   1.122E+00  -2.823E+00   7.680E-01
   6.262E+00  -1.271E+00  -2.058E+00   1.123E+00  -2.827E+00   7.696E-01
   6.260E+00  -1.278E+00  -2.058E+00   1.124E+00  -2.831E+00   7.712E-01
   6.258E+00  -1.286E+00  -2.059E+00   1.124E+00  -2.835E+00   7.728E-01
   6.255E+00  -1.294E+00  -2.060E+00   1.125E+00  -2.840E+00   7.743E-01
   6.253E+00  -1.301E+00  -2.061E+00   1.126E+00  -2.844E+00   7.759E-01
   6.251E+00  -1.309E+00  -2.061E+00   1.126E+00  -2.849E+00   7.774E-01
   6.248E+00  -1.317E+00  -2.062E+00   1.127E+00  -2.854E+00   7.788E-01
   6.246E+00  -1.325E+00  -2.063E+00   1.128E+00  -2.859E+00   7.803E-01
   6.244E+00  -1.332E+00  -2.064E+00   1.128E+00  -2.864E+00   7.817E-01
   6.241E+00  -1.340E+00  -2.064E+00   1.129E+00  -2.869E+00   7.832E-01
   6.239E+00  -1.348E+00  -2.065E+00   1.129E+00  -2.874E+00   7.846E-01
   6.237E+00  -1.355E+00  -2.066E+00   1.130E+00  -2.879E+00   7.859E-01
   6.234E+00  -1.363E+00  -2.066E+00   1.131E+00  -2.884E+00   7.873E-01
   6.232E+00  -1.371E+00  -2.067E+00   1.131E+00  -2.889E+00   7.886E-01
   6.230E+00  -1.379E+00  -2.068E+00   1.132E+00  -2.893E+00   7.899E-01
   6.227E+00  -1.386E+00  -2.069E+00   1.133E+00  -2.898E+00   7.911E-01
   6.225E+00  -1.394E+00  -2.069E+00   1.133E+00  -2.902E+00   7.923E-01
   6.223E+00  -1.402E+00  -2.070E+00   1.134E+00  -2.907E+00   7.935E-01
   6.220E+00  -1.409E+00  -2.071E+00   1.135E+00  -2.911E+00   7.947E-01
   6.218E+00  -1.417E+00  -2.072E+00   1.135E+00  -2.915E+00   7.958E-01
   6.216E+00  -1.425E+00  -2.072E+00   1.136E+00  -2.920E+00   7.968E-01
   6.213E+00  -1.433E+00  -2.073E+00   1.137E+00  -2.924E+00   7.979E-01
   6.211E+00  -1.440E+00  -2.074E+00   1.137E+00  -2.928E+00   7.988E-01
   6.209E+00  -1.448E+00  -2.075E+00   1.138E+00  -2.932E+00   7.998E-01
   6.206E+00  -1.456E+00  -2.075E+00   1.139E+00  -2.935E+00   8.006E-01
   6.204E+00  -1.464E+00  -2.076E+00   1.139E+00  -2.939E+00   8.015E-01
   6.202E+00  -1.471E+00  -2.077E+00   1.140E+00  -2.943E+00   8.023E-01
   6.199E+00  -1.479E+00  -2.077E+00   1.140E+00  -2.946E+00   8.030E-01
   6.197E+00  -1.487E+00  -2.078E+00   1.141E+00  -2.950E+00   8.037E-01
   6.195E+00  -1.495E+00  -2.079E+00   1.142E+00  -2.954E+00   8.043E-01
   6.192E+00  -1.502E+00  -2.080E+00   1.142E+00  -2.958E+00   8.049E-01
   6.190E+00  -1.510E+00  -2.080E+00   1.143E+00  -2.962E+00   8.054E-01
   6.188E+00  -1.518E+00  -2.081E+00   1.144E+00  -2.966E+00   8.058E-01
   6.185E+00  -1.526E+00  -2.082E+00   1.144E+00  -2.971E+00   8.063E-01
   6.183E+00  -1.533E+00  -2.083E+00   1.145E+00  -2.976E+00   8.067E-01
   6.181E+00  -1.541E+00  -2.083E+00   1.146E+00  -2.981E+00   8.070E-01
   6.178E+00  -1.549E+00  -2.084E+00   1.147E+00  -2.987E+00   8.073E-01
   6.176E+00  -1.557E+00  -2.085E+00   1.147E+00  -2.992E+00   8.076E-01
   6.174E+00  -1.564E+00  -2.086E+00   1.148E+00  -2.998E+00   8.079E-01
   6.171E+00  -1.572E+00  -2.086E+00   1.149E+00  -3.004E+00   8.081E-01
   6.169E+00  -1.580E+00  -2.087E+00   1.150E+00  -3.010E+00   8.083E-01
   6.167E+00  -1.587E+00  -2.088E+00   1.150E+00  -3.017E+00   8.084E-01
   6.164E+00  -1.595E+00  -2.088E+00   1.151E+00  -3.024E+00   8.086E-01
   6.162E+00  -1.603E+00  -2.089E+00   1.152E+00  -3.031E+00   8.087E-01
   6.160E+00  -1.611E+00  -2.090E+00   1.153E+00  -3.039E+00   8.088E-01
   6.157E+00  -1.618E+00  -2.091E+00   1.154E+00  -3.046E+00   8.089E-01
   6.155E+00  -1.626E+00  -2.091E+00   1.155E+00  -3.054E+00   8.089E-01
   6.153E+00  -1.634E+00  -2.092E+00   1.156E+00  -3.063E+00   8.090E-01
   6.150E+00  -1.642E+00  -2.092E+00   1.157E+00  -3.071E+00   8.090E-01
   6.148E+00  -1.649E+00  -2.093E+00   1.158E+00  -3.080E+00   8.091E-01
   6.146E+00  -1.657E+00  -2.094E+00   1.159E+00  -3.089E+00   8.091E-01
   6.143E+00  -1.665E+00  -2.094E+00   1.160E+00  -3.097E+00   8.091E-01
   6.141E+00  -1.672E+00  -2.095E+00   1.161E+00  -3.106E+00   8.091E-01
   6.138E+00  -1.680E+00  -2.096E+00   1.162E+00  -3.114E+00   8.091E-01
   6.136E+00  -1.688E+00  -2.096E+00   1.163E+00  -3.123E+00   8.091E-01
   6.134E+00  -1.695E+00  -2.097E+00   1.165E+00  -3.131E+00   8.091E-01
   6.131E+00  -1.703E+00  -2.097E+00   1.166E+00  -3.139E+00   8.091E-01
   6.129E+00  -1.711E+00  -2.098E+00   1.167E+00  -3.147E+00   8.090E-01
   6.127E+00  -1.718E+00  -2.098E+00   1.169E+00  -3.154E+00   8.089E-01
   6.124E+00  -1.726E+00  -2.099E+00   1.170E+00  -3.162E+00   8.088E-01
   6.122E+00  -1.734E+00  -2.099E+00   1.171E+00  -3.169E+00   8.087E-01
   6.119E+00  -1.741E+00  -2.099E+00   1.173E+00  -3.177E+00   8.086E-01
   6.117E+00  -1.749E+00  -2.100E+00   1.174E+00  -3.184E+00   8.084E-01
   6.114E+00  -1.757E+00  -2.100E+00   1.176E+00  -3.191E+00   8.082E-01
   6.112E+00  -1.764E+00  -2.100E+00   1.178E+00  -3.197E+00   8.080E-01
   6.110E+00  -1.772E+00  -2.101E+00   1.179E+00  -3.204E+00   8.077E-01
   6.107E+00  -1.779E+00  -2.101E+00   1.181E+00  -3.211E+00   8.074E-01
   6.105E+00  -1.787E+00  -2.101E+00   1.183E+00  -3.217E+00   8.071E-01
   6.102E+00  -1.795E+00  -2.101E+00   1.185E+00  -3.223E+00   8.067E-01
   6.100E+00  -1.802E+00  -2.102E+00   1.186E+00  -3.229E+00   8.063E-01
   6.097E+00  -1.810E+00  -2.102E+00   1.188E+00  -3.235E+00   8.059E-01
   6.095E+00  -1.817E+00  -2.102E+00   1.190E+00  -3.240E+00   8.054E-01
   6.092E+00  -1.825E+00  -2.102E+00   1.192E+00  -3.246E+00   8.048E-01
   6.090E+00  -1.832E+00  -2.102E+00   1.195E+00  -3.253E+00   8.042E-01
   6.087E+00  -1.840E+00  -2.101E+00   1.197E+00  -3.259E+00   8.035E-01
   6.085E+00  -1.847E+00  -2.101E+00   1.199E+00  -3.265E+00   8.028E-01
   6.082E+00  -1.855E+00  -2.101E+00   1.202E+00  -3.271E+00   8.021E-01
   6.079E+00  -1.862E+00  -2.101E+00   1.204E+00  -3.278E+00   8.013E-01
   6.077E+00  -1.870E+00  -2.100E+00   1.207E+00  -3.284E+00   8.004E-01
   6.074E+00  -1.877E+00  -2.100E+00   1.209E+00  -3.291E+00   7.995E-01
   6.072E+00  -1.884E+00  -2.099E+00   1.212E+00  -3.297E+00   7.985E-01
   6.069E+00  -1.892E+00  -2.099E+00   1.215E+00  -3.304E+00   7.974E-01
   6.066E+00  -1.899E+00  -2.098E+00   1.218E+00  -3.311E+00   7.963E-01
   6.064E+00  -1.906E+00  -2.097E+00   1.221E+00  -3.318E+00   7.951E-01
   6.061E+00  -1.914E+00  -2.096E+00   1.225E+00  -3.325E+00   7.939E-01
   6.058E+00  -1.921E+00  -2.095E+00   1.228E+00  -3.332E+00   7.926E-01
   6.055E+00  -1.928E+00  -2.094E+00   1.232E+00  -3.339E+00   7.912E-01
   6.052E+00  -1.935E+00  -2.093E+00   1.236E+00  -3.347E+00   7.897E-01
   6.050E+00  -1.942E+00  -2.091E+00   1.240E+00  -3.354E+00   7.882E-01
   6.047E+00  -1.950E+00  -2.089E+00   1.244E+00  -3.362E+00   7.865E-01
   6.044E+00  -1.957E+00  -2.088E+00   1.248E+00  -3.368E+00   7.848E-01
   6.041E+00  -1.964E+00  -2.086E+00   1.253E+00  -3.375E+00   7.829E-01
   6.038E+00  -1.971E+00  -2.084E+00   1.257E+00  -3.381E+00   7.810E-01
   6.035E+00  -1.978E+00  -2.081E+00   1.263E+00  -3.387E+00   7.789E-01
   6.033E+00  -1.981E+00  -2.080E+00   1.265E+00  -3.390E+00   7.777E-01
   6.030E+00  -1.988E+00  -2.077E+00   1.271E+00  -3.395E+00   7.754E-01
   6.027E+00  -1.995E+00  -2.075E+00   1.276E+00  -3.399E+00   7.729E-01
   6.023E+00  -2.001E+00  -2.071E+00   1.282E+00  -3.403E+00   7.703E-01
   6.020E+00  -2.008E+00  -2.068E+00   1.288E+00  -3.405E+00   7.675E-01
   6.017E+00  -2.014E+00  -2.064E+00   1.295E+00  -3.408E+00   7.644E-01
   6.013E+00  -2.021E+00  -2.061E+00   1.302E+00  -3.409E+00   7.612E-01
   6.010E+00  -2.027E+00  -2.056E+00   1.309E+00  -3.409E+00   7.576E-01
   6.006E+00  -2.033E+00  -2.052E+00   1.317E+00  -3.409E+00   7.538E-01
   6.002E+00  -2.039E+00  -2.046E+00   1.325E+00  -3.407E+00   7.496E-01
   5.999E+00  -2.045E+00  -2.040E+00   1.334E+00  -3.403E+00   7.449E-01
   5.995E+00  -2.051E+00  -2.035E+00   1.343E+00  -3.399E+00   7.402E-01
   5.991E+00  -2.057E+00  -2.029E+00   1.352E+00  -3.394E+00   7.353E-01
   5.987E+00  -2.063E+00  -2.023E+00   1.361E+00  -3.389E+00   7.303E-01
   5.983E+00  -2.069E+00  -2.017E+00   1.370E+00  -3.383E+00   7.253E-01
   5.979E+00  -2.075E+00  -2.011E+00   1.379E+00  -3.376E+00   7.202E-01
   5.975E+00  -2.081E+00  -2.005E+00   1.388E+00  -3.369E+00   7.151E-01
   5.971E+00  -2.087E+00  -1.999E+00   1.397E+00  -3.362E+00   7.099E-01
   5.967E+00  -2.093E+00  -1.994E+00   1.406E+00  -3.354E+00   7.047E-01
   5.963E+00  -2.099E+00  -1.988E+00   1.415E+00  -3.347E+00   6.995E-01
   5.959E+00  -2.105E+00  -1.982E+00   1.424E+00  -3.338E+00   6.943E-01
   5.955E+00  -2.111E+00  -1.976E+00   1.433E+00  -3.330E+00   6.891E-01
   5.951E+00  -2.117E+00  -1.970E+00   1.442E+00  -3.322E+00   6.839E-01
   5.947E+00  -2.123E+00  -1.964E+00   1.451E+00  -3.313E+00   6.787E-01
   5.943E+00  -2.129E+00  -1.958E+00   1.460E+00  -3.305E+00   6.736E-01
   5.939E+00  -2.135E+00  -1.953E+00   1.469E+00  -3.296E+00   6.684E-01
   5.935E+00  -2.141E+00  -1.947E+00   1.478E+00  -3.288E+00   6.633E-01
   5.931E+00  -2.147E+00  -1.941E+00   1.487E+00  -3.280E+00   6.582E-01
   5.927E+00  -2.153E+00  -1.935E+00   1.496E+00  -3.273E+00   6.531E-01
   5.923E+00  -2.159E+00  -1.929E+00   1.505E+00  -3.265E+00   6.480E-01
   5.919E+00  -2.165E+00  -1.923E+00   1.514E+00  -3.258E+00   6.430E-01
   5.915E+00  -2.171E+00  -1.918E+00   1.523E+00  -3.251E+00   6.380E-01
   5.911E+00  -2.177E+00  -1.912E+00   1.532E+00  -3.244E+00   6.331E-01
   5.908E+00  -2.183E+00  -1.906E+00   1.541E+00  -3.238E+00   6.282E-01
   5.904E+00  -2.189E+00  -1.900E+00   1.550E+00  -3.231E+00   6.233E-01
   5.900E+00  -2.195E+00  -1.894E+00   1.559E+00  -3.225E+00   6.185E-01
   5.896E+00  -2.201E+00  -1.888E+00   1.568E+00  -3.219E+00   6.137E-01
   5.892E+00  -2.207E+00  -1.882E+00   1.577E+00  -3.212E+00   6.090E-01
   5.888E+00  -2.213E+00  -1.877E+00   1.586E+00  -3.205E+00   6.043E-01
   5.884E+00  -2.219E+00  -1.871E+00   1.596E+00  -3.197E+00   5.997E-01
   5.880E+00  -2.225E+00  -1.865E+00   1.605E+00  -3.189E+00   5.952E-01
   5.876E+00  -2.231E+00  -1.859E+00   1.614E+00  -3.180E+00   5.908E-01
   5.872E+00  -2.237E+00  -1.853E+00   1.623E+00  -3.171E+00   5.864E-01
   5.868E+00  -2.243E+00  -1.847E+00   1.632E+00  -3.161E+00   5.821E-01
   5.864E+00  -2.249E+00  -1.841E+00   1.641E+00  -3.151E+00   5.778E-01
   5.860E+00  -2.255E+00  -1.836E+00   1.650E+00  -3.140E+00   5.737E-01
   5.856E+00  -2.261E+00  -1.830E+00   1.659E+00  -3.129E+00   5.696E-01
   5.852E+00  -2.267E+00  -1.824E+00   1.667E+00  -3.117E+00   5.656E-01
   5.848E+00  -2.273E+00  -1.818E+00   1.676E+00  -3.106E+00   5.618E-01
   5.844E+00  -2.279E+00  -1.812E+00   1.685E+00  -3.094E+00   5.580E-01
   5.840E+00  -2.286E+00  -1.806E+00   1.694E+00  -3.082E+00   5.542E-01
   5.836E+00  -2.292E+00  -1.800E+00   1.703E+00  -3.071E+00   5.506E-01
   5.832E+00  -2.298E+00  -1.795E+00   1.712E+00  -3.060E+00   5.471E-01
   5.828E+00  -2.304E+00  -1.789E+00   1.721E+00  -3.049E+00   5.437E-01
   5.824E+00  -2.310E+00  -1.783E+00   1.729E+00  -3.038E+00   5.404E-01
   5.820E+00  -2.316E+00  -1.777E+00   1.738E+00  -3.027E+00   5.372E-01
   5.817E+00  -2.322E+00  -1.771E+00   1.747E+00  -3.016E+00   5.341E-01
   5.813E+00  -2.328E+00  -1.765E+00   1.756E+00  -3.006E+00   5.310E-01
   5.809E+00  -2.334E+00  -1.759E+00   1.764E+00  -2.996E+00   5.281E-01
   5.805E+00  -2.340E+00  -1.754E+00   1.773E+00  -2.986E+00   5.253E-01
   5.801E+00  -2.346E+00  -1.748E+00   1.782E+00  -2.976E+00   5.226E-01
   5.797E+00  -2.352E+00  -1.742E+00   1.790E+00  -2.966E+00   5.200E-01
   5.793E+00  -2.358E+00  -1.736E+00   1.799E+00  -2.957E+00   5.175E-01
   5.789E+00  -2.364E+00  -1.730E+00   1.807E+00  -2.947E+00   5.150E-01
   5.785E+00  -2.370E+00  -1.724E+00   1.816E+00  -2.937E+00   5.127E-01
   5.781E+00  -2.376E+00  -1.718E+00   1.825E+00  -2.927E+00   5.104E-01
   5.777E+00  -2.382E+00  -1.713E+00   1.833E+00  -2.916E+00   5.082E-01
   5.773E+00  -2.388E+00  -1.707E+00   1.841E+00  -2.905E+00   5.060E-01
   5.769E+00  -2.394E+00  -1.701E+00   1.850E+00  -2.894E+00   5.039E-01
   5.765E+00  -2.400E+00  -1.695E+00   1.858E+00  -2.882E+00   5.018E-01
   5.761E+00  -2.406E+00  -1.689E+00   1.867E+00  -2.870E+00   4.997E-01
   5.757E+00  -2.412E+00  -1.683E+00   1.875E+00  -2.858E+00   4.977E-01
   5.753E+00  -2.418E+00  -1.678E+00   1.883E+00  -2.845E+00   4.957E-01
   5.749E+00  -2.424E+00  -1.672E+00   1.892E+00  -2.831E+00   4.938E-01
   5.745E+00  -2.430E+00  -1.666E+00   1.900E+00  -2.818E+00   4.918E-01
   5.741E+00  -2.436E+00  -1.660E+00   1.908E+00  -2.805E+00   4.899E-01
   5.737E+00  -2.442E+00  -1.654E+00   1.916E+00  -2.794E+00   4.881E-01
   5.733E+00  -2.448E+00  -1.648E+00   1.924E+00  -2.783E+00   4.863E-01
   5.729E+00  -2.454E+00  -1.642E+00   1.932E+00  -2.772E+00   4.845E-01
   5.726E+00  -2.460E+00  -1.637E+00   1.940E+00  -2.763E+00   4.829E-01
   5.722E+00  -2.466E+00  -1.631E+00   1.948E+00  -2.755E+00   4.813E-01
   5.718E+00  -2.472E+00  -1.625E+00   1.956E+00  -2.748E+00   4.798E-01
   5.714E+00  -2.478E+00  -1.619E+00   1.964E+00  -2.742E+00   4.784E-01
   5.710E+00  -2.484E+00  -1.613E+00   1.972E+00  -2.737E+00   4.771E-01
   5.706E+00  -2.490E+00  -1.607E+00   1.980E+00  -2.734E+00   4.759E-01
   5.702E+00  -2.496E+00  -1.601E+00   1.988E+00  -2.731E+00   4.748E-01
   5.698E+00  -2.502E+00  -1.596E+00   1.996E+00  -2.731E+00   4.739E-01
   5.694E+00  -2.508E+00  -1.590E+00   2.004E+00  -2.732E+00   4.730E-01
   5.690E+00  -2.514E+00  -1.584E+00   2.012E+00  -2.734E+00   4.723E-01
   5.686E+00  -2.520E+00  -1.578E+00   2.020E+00  -2.737E+00   4.717E-01
   5.682E+00  -2.526E+00  -1.572E+00   2.028E+00  -2.742E+00   4.711E-01
   5.678E+00  -2.532E+00  -1.566E+00   2.036E+00  -2.747E+00   4.706E-01
   5.674E+00  -2.538E+00  -1.560E+00   2.044E+00  -2.753E+00   4.702E-01
   5.670E+00  -2.544E+00  -1.555E+00   2.052E+00  -2.761E+00   4.698E-01
   5.666E+00  -2.550E+00  -1.549E+00   2.060E+00  -2.769E+00   4.694E-01
   5.662E+00  -2.556E+00  -1.543E+00   2.068E+00  -2.778E+00   4.691E-01
   5.658E+00  -2.562E+00  -1.537E+00   2.077E+00  -2.787E+00   4.688E-01
   5.654E+00  -2.568E+00  -1.531E+00   2.085E+00  -2.798E+00   4.685E-01
   5.650E+00  -2.574E+00  -1.525E+00   2.093E+00  -2.809E+00   4.682E-01
   5.646E+00  -2.580E+00  -1.519E+00   2.101E+00  -2.820E+00   4.679E-01
   5.642E+00  -2.586E+00  -1.514E+00   2.110E+00  -2.831E+00   4.676E-01
   5.638E+00  -2.592E+00  -1.508E+00   2.118E+00  -2.842E+00   4.673E-01
   5.635E+00  -2.598E+00  -1.502E+00   2.127E+00  -2.852E+00   4.669E-01
   5.631E+00  -2.604E+00  -1.496E+00   2.135E+00  -2.862E+00   4.665E-01
   5.627E+00  -2.610E+00  -1.490E+00   2.144E+00  -2.871E+00   4.660E-01
   5.623E+00  -2.616E+00  -1.484E+00   2.152E+00  -2.880E+00   4.656E-01
   5.619E+00  -2.622E+00  -1.478E+00   2.161E+00  -2.888E+00   4.652E-01
   5.617E+00  -2.625E+00  -1.475E+00   2.165E+00  -2.893E+00   4.650E-01
 
